Path 1 = [(4,5), (2,7), (2,0), (0,2), (4,2), (0,6), (4,6), (3,7), (3,0), (0,3), (4,3), (0,7), (4,7), (1,7), (4,4), (0,4), (4,0), (0,0)]

Path 2 = [(0,5), (4,1), (0,1), (1,0), (1,7), (4,4), (0,4), (4,0), (0,0)]

Path 3 = [(4,5), (2,7), (2,0), (0,2), (4,2), (0,6), (4,6), (3,7), (3,0), (0,3), (4,3), (0,7), (0,1), (1,0), (1,7), (4,4), (0,4), (4,0), (0,0)]

Path 4 = [(4,5), (2,7), (2,0), (0,2), (4,2), (0,6), (4,6), (3,7), (3,0), (0,3), (4,3), (0,7), (1,7), (4,4), (0,4), (4,0), (0,0)]

Path 5 = [(4,5), (2,7), (2,0), (0,2), (4,2), (0,6), (4,6), (3,7), (3,0), (0,3), (4,3), (0,7), (4,7), (4,4), (0,4), (4,0), (0,0)]

Path 6 = [(4,5), (2,7), (2,0), (0,2), (4,2), (0,6), (4,6), (3,7), (3,0), (0,3), (4,3), (0,7), (0,4), (4,0), (0,0)]

Path 7 = [(4,5), (2,7), (2,0), (0,2), (4,2), (0,6), (4,6), (3,7), (3,0), (0,3), (4,3), (0,7), (4,7), (4,0), (0,0)]

Path 8 = [(0,5), (4,1), (0,1), (1,0), (1,7), (4,4), (0,4), (4,0), (4,7), (4,3), (0,7), (0,0)]

Path 9 = [(0,5), (4,1), (0,1), (1,0), (1,7), (4,4), (0,4), (4,0), (4,3), (0,7), (0,0)]

Path 10 = [(0,5), (4,1), (0,1), (1,0), (1,7), (4,4), (0,4), (4,0), (3,0), (0,3), (4,3), (0,7), (0,0)]

Path 11 = [ (0,5), (4,1), (0,1), (1,0), (1,7), (4,4), (0,4), (4,0), (4,7), (4,6), (3,7), (3,0), (0,3), (4,3), (0,7), (0,0)]

Path 12 = [(0,5), (4,1), (0,1), (1,0), (1,7), (4,4), (0,4), (4,0), (4,6), (3,7), (3,0), (0,3), (4,3), (0,7), (0,0)]

Path 13 = [(0,5), (4,1), (0,1), (1,0), (1,7), (4,4), (0,4), (4,0), (4,7), (4,2), (0,6), (4,6), (3,7), (3,0), (0,3), (4,3), (0,7), (0,0)]

Path 14 = [(0,5), (4,1), (0,1), (1,0), (1,7), (4,4), (0,4), (4,0), (4,2), (0,6), (4,6), (3,7), (3,0), (0,3), (4,3), (0,7), (0,0)]

Path 15 = [(0,5), (4,1), (0,1), (1,0), (1,7), (4,4), (0,4), (4,0), (2,0), (0,2), (4,2), (0,6), (4,6), (3,7), (3,0), (0,3), (4,3), (0,7), (0,0)]

Path 16 = [(4,5), (2,7), (2,0), (0,2), (4,2), (0,6), (4,6), (3,7), (3,0), (0,3), (4,3), (0,7), (0,0)]

Path 17 = [(0,5), (4,1), (0,1), (1,0), (1,7), (4,4), (0,4), (4,0), (4,7), (3,7), (3,0), (0,3), (4,3), (0,7), (0,0)]

Path 18 = [(0,5), (4,1), (0,1), (1,0), (1,7), (4,4), (0,4), (4,0), (4,7), (0,7), (0,0)]

************************************************************************************************************************************************************************

PATH 1 = [ (0,5), (4,1), (0,1), (1,0), (1,7), (4,4), (0,4), (4,0), (0,0) ] --> 9 STATES..

PATH 2 = [ (4,5), (2,7), (2,0), (0,2), (4,2), (0,6), (4,6), (3,7), (3,0), (0,3), (4,3), (0,7), (1,7), (4,4), 
			(0,4), (4,0), (0,0)] --> 17 STATES..

PATH 3 = [ (4,5), (2,7), (2,0), (0,2), (4,2), (0,6), (4,6), (3,7), (3,0), (0,3), (4,3), (0,7), (4,7), (4,0),
			(0,0)] --> 15 STATES..
			
PATH 4 = [ (0,5), (4,1), (0,1), (1,0), (1,7), (4,4), (0,4), (4,0), (4,3), (0,7), (0,0)] --> 11 STATES..

PATH 5 = [ (0,5), (4,1), (0,1), (1,0), (1,7), (4,4), (0,4), (4,0), (4,6), (3,7), (3,0), (0,3), (4,3), (0,7), 
			0,0)] --> 15 STATES..

PATH 6 = [ (0,5), (4,1), (0,1), (1,0), (1,7), (4,4), (0,4), (4,0), (4,2), (0,6), (4,6), (3,7), (3,0), (0,3), 
			(4,3), (0,7), (0,0)] --> 17 STATES..

PATH 7 = [ (4,5), (2,7), (2,0), (0,2), (4,2), (0,6), (4,6), (3,7), (3,0), (0,3), (4,3), (0,7), (0,0)]
			--> 13 STATES..

PATH 8 = [ (0,5), (4,1), (0,1), (1,0), (1,7), (4,4), (0,4), (4,0), (4,7), (0,7), (0,0)] --> 11 STATES..